9 7
96 7
4 17 17 7
16 15 14 9
12 4 0 14
0 6 20 2
19 16 17 12
18 5 6 11
6 0 12 4
20 3 8 13
14 16 20 8
11 18 10 14
14 12 20 13
17 16 2 17
13 10 6 5
14 6 1 15
9 18 12 16
18 14 1 16
7 20 2 5
1 0 18 7
14 16 0 8
19 11 14 13
4 4 11 18
3 0 19 12
16 16 2 19
0 20 2 9
18 1 12 11
1 11 10 1
4 2 15 8
14 20 6 8
6 8 8 19
1 14 10 15
7 6 4 16
4 8 9 14
2 9 12 19
3 5 2 13
8 9 12 8
14 20 18 19
14 19 14 17
0 20 3 2
20 4 17 10
9 2 16 6
12 19 3 15
7 4 14 14
11 0 6 16
17 12 2 12
15 3 5 5
7 0 0 9
9 3 7 18
3 5 0 4
8 2 6 3
0 19 4 4
16 7 20 18
8 7 16 7
4 4 11 2
8 18 20 19
17 9 19 8
12 17 1 7
19 8 13 20
13 9 11 5
16 19 8 4
18 0 17 20
19 10 14 9
8 15 9 1
19 17 20 19
1 6 10 11
5 20 14 16
3 4 16 16
11 3 2 4
1 15 11 6
1 7 10 19
5 9 7 12
18 5 0 20
14 7 20 7
14 3 16 16
18 19 5 6
15 18 12 3
7 11 12 9
2 2 0 19
13 16 20 8
15 20 16 2
19 5 4 10
3 13 11 14
9 20 14 19
5 6 6 2
12 14 18 4
17 12 16 16
18 1 0 18
5 16 12 17
4 7 10 9
5 14 14 7
10 9 5 7
15 5 12 19
14 8 15 17
17 11 10 7
14 13 1 12
12 20 1 20
0 11 11 8
